+141;-140;-139;    ;
    ;    ;+136;    ;
    ;+136;    ;    ;
    ;-133;-132;+131;
---------------------------------------------------

-136;+135;+134;    ;
    ;    ;-131;    ;
    ;-131;    ;    ;
    ;+128;+127;-126;
---------------------------------------------------

-135;+134;+133;    ;
    ;    ;-130;    ;
    ;-130;    ;    ;
    ;+127;+126;-125;
---------------------------------------------------

+130;-129;-128;    ;
    ;    ;+125;    ;
    ;+125;    ;    ;
    ;-122;-121;+120;
---------------------------------------------------

-134;+133;+132;    ;
    ;    ;-129;    ;
    ;-129;    ;    ;
    ;+126;+125;-124;
---------------------------------------------------

+129;-128;-127;+126;
-126;+125;+124;-123;
-125;+124;+123;-122;
+122;-121;-120;+119;
---------------------------------------------------

+128;-127;-126;+125;
-125;+124;+123;-122;
-124;+123;+122;-121;
+121;-120;-119;+118;
---------------------------------------------------

-123;+122;+121;-120;
+120;-119;-118;+117;
+119;-118;-117;+116;
-116;+115;+114;-113;
---------------------------------------------------

-133;+132;+131;-130;
+130;-129;-128;+127;
+129;-128;-127;+126;
-126;+125;+124;-123;
---------------------------------------------------

+128;-127;-126;+125;
-125;+124;+123;-122;
-124;+123;+122;-121;
+121;-120;-119;+118;
---------------------------------------------------

+127;-126;-125;+124;
-124;+123;+122;-121;
-123;+122;+121;-120;
+120;-119;-118;+117;
---------------------------------------------------

-122;+121;+120;-119;
+119;-118;-117;+116;
+118;-117;-116;+115;
-115;+114;+113;-112;
---------------------------------------------------

+126;-125;-124;+123;
-123;+122;+121;-120;
-122;+121;+120;-119;
+119;-118;-117;+116;
---------------------------------------------------

-121;+120;+119;-118;
+118;-117;-116;+115;
+117;-116;-115;+114;
-114;+113;+112;-111;
---------------------------------------------------

-120;+119;+118;-117;
+117;-116;-115;+114;
+116;-115;-114;+113;
-113;+112;+111;-110;
---------------------------------------------------

+115;-114;-113;+112;
-112;+111;+110;-109;
-111;+110;+109;-108;
+108;-107;-106;+105;
---------------------------------------------------

-132;+131;+130;-129;
+129;-128;-127;+126;
+128;-127;-126;+125;
-125;+124;+123;-122;
---------------------------------------------------

+127;-126;-125;+124;
-124;+123;+122;-121;
-123;+122;+121;-120;
+120;-119;-118;+117;
---------------------------------------------------

+126;-125;-124;+123;
-123;+122;+121;-120;
-122;+121;+120;-119;
+119;-118;-117;+116;
---------------------------------------------------

-121;+120;+119;-118;
+118;-117;-116;+115;
+117;-116;-115;+114;
-114;+113;+112;-111;
---------------------------------------------------

+125;-124;-123;+122;
-122;+121;+120;-119;
-121;+120;+119;-118;
+118;-117;-116;+115;
---------------------------------------------------

-120;+119;+118;-117;
+117;-116;-115;+114;
+116;-115;-114;+113;
-113;+112;+111;-110;
---------------------------------------------------

-119;+118;+117;-116;
+116;-115;-114;+113;
+115;-114;-113;+112;
-112;+111;+110;-109;
---------------------------------------------------

+114;-113;-112;+111;
-111;+110;+109;-108;
-110;+109;+108;-107;
+107;-106;-105;+104;
---------------------------------------------------

+124;-123;-122;+121;
-121;+120;+119;-118;
-120;+119;+118;-117;
+117;-116;-115;+114;
---------------------------------------------------

-119;+118;+117;-116;
+116;-115;-114;+113;
+115;-114;-113;+112;
-112;+111;+110;-109;
---------------------------------------------------

-118;+117;+116;-115;
+115;-114;-113;+112;
+114;-113;-112;+111;
-111;+110;+109;-108;
---------------------------------------------------

+113;-112;-111;+110;
-110;+109;+108;-107;
-109;+108;+107;-106;
+106;-105;-104;+103;
---------------------------------------------------

-117;+116;+115;-114;
+114;-113;-112;+111;
+113;-112;-111;+110;
-110;+109;+108;-107;
---------------------------------------------------

+112;-111;-110;+109;
-109;+108;+107;-106;
-108;+107;+106;-105;
+105;-104;-103;+102;
---------------------------------------------------

+111;-110;-109;+108;
-108;+107;+106;-105;
-107;+106;+105;-104;
+104;-103;-102;+101;
---------------------------------------------------

-106;+105;+104;-103;
+103;-102;-101;+100;
+102;-101;-100;+99;
-99;+98;+97;-96;
---------------------------------------------------

