7 x 28
(0,0) -1.000000
(0,1) -1.000000
(0,2) -1.000000
(0,3) -1.000000
(0,4) -1.000000
(0,5) -1.000000
(0,6) -1.000000
(0,7) -1.000000
(0,8) -1.000000
(0,9) -1.000000
(0,10) -1.000000
(0,11) -1.000000
(0,12) -1.000000
(0,13) -1.000000
(0,14) -1.000000
(0,15) -1.000000
(0,16) -1.000000
(0,17) -1.000000
(0,18) -1.000000
(0,19) -1.000000
(0,20) -1.000000
(0,21) -1.000000
(0,22) -1.000000
(0,23) -1.000000
(0,24) -1.000000
(0,25) -1.000000
(0,26) -1.000000
(0,27) -1.000000
(0,28) -1.000000
(1,0) -1.000000
(1,1) -1.000000
(1,2) -1.000000
(1,3) -1.000000
(1,4) 3.000000
(1,5) 5.000000
(1,6) 7.000000
(1,7) 11.000000
(1,8) 15.000000
(1,9) 22.000000
(1,10) 30.000000
(1,11) 42.000000
(1,12) 56.000000
(1,13) 77.000000
(1,14) 101.000000
(1,15) 135.000000
(1,16) 176.000000
(1,17) 231.000000
(1,18) 297.000000
(1,19) 385.000000
(1,20) 490.000000
(1,21) 627.000000
(1,22) 792.000000
(1,23) -1.000000
(1,24) -1.000000
(1,25) -1.000000
(1,26) -1.000000
(1,27) -1.000000
(1,28) -1.000000
(2,0) -1.000000
(2,1) -1.000000
(2,2) -1.000000
(2,3) -1.000000
(2,4) -1.000000
(2,5) -1.000000
(2,6) -1.000000
(2,7) -1.000000
(2,8) -1.000000
(2,9) -1.000000
(2,10) -1.000000
(2,11) -1.000000
(2,12) -1.000000
(2,13) -1.000000
(2,14) -1.000000
(2,15) -1.000000
(2,16) -1.000000
(2,17) -1.000000
(2,18) -1.000000
(2,19) -1.000000
(2,20) -1.000000
(2,21) -1.000000
(2,22) -1.000000
(2,23) -1.000000
(2,24) -1.000000
(2,25) -1.000000
(2,26) -1.000000
(2,27) -1.000000
(2,28) -1.000000
(3,0) -1.000000
(3,1) -1.000000
(3,2) -1.000000
(3,3) -1.000000
(3,4) -1.000000
(3,5) -1.000000
(3,6) -1.000000
(3,7) -1.000000
(3,8) -1.000000
(3,9) -1.000000
(3,10) -1.000000
(3,11) -1.000000
(3,12) -1.000000
(3,13) -1.000000
(3,14) -1.000000
(3,15) -1.000000
(3,16) -1.000000
(3,17) -1.000000
(3,18) -1.000000
(3,19) -1.000000
(3,20) -1.000000
(3,21) -1.000000
(3,22) -1.000000
(3,23) -1.000000
(3,24) -1.000000
(3,25) -1.000000
(3,26) -1.000000
(3,27) -1.000000
(3,28) -1.000000
(4,0) -1.000000
(4,1) -1.000000
(4,2) -1.000000
(4,3) -1.000000
(4,4) -1.000000
(4,5) -1.000000
(4,6) -1.000000
(4,7) -1.000000
(4,8) -1.000000
(4,9) -1.000000
(4,10) -1.000000
(4,11) -1.000000
(4,12) -1.000000
(4,13) -1.000000
(4,14) -1.000000
(4,15) -1.000000
(4,16) -1.000000
(4,17) -1.000000
(4,18) -1.000000
(4,19) -1.000000
(4,20) -1.000000
(4,21) -1.000000
(4,22) -1.000000
(4,23) -1.000000
(4,24) -1.000000
(4,25) -1.000000
(4,26) -1.000000
(4,27) -1.000000
(4,28) -1.000000
(5,0) -1.000000
(5,1) -1.000000
(5,2) -1.000000
(5,3) -1.000000
(5,4) -1.000000
(5,5) -1.000000
(5,6) -1.000000
(5,7) -1.000000
(5,8) -1.000000
(5,9) -1.000000
(5,10) -1.000000
(5,11) -1.000000
(5,12) -1.000000
(5,13) -1.000000
(5,14) -1.000000
(5,15) -1.000000
(5,16) -1.000000
(5,17) -1.000000
(5,18) -1.000000
(5,19) -1.000000
(5,20) -1.000000
(5,21) -1.000000
(5,22) -1.000000
(5,23) -1.000000
(5,24) -1.000000
(5,25) -1.000000
(5,26) -1.000000
(5,27) -1.000000
(5,28) -1.000000
(6,0) -1.000000
(6,1) -1.000000
(6,2) -1.000000
(6,3) -1.000000
(6,4) -1.000000
(6,5) -1.000000
(6,6) -1.000000
(6,7) -1.000000
(6,8) -1.000000
(6,9) -1.000000
(6,10) -1.000000
(6,11) -1.000000
(6,12) -1.000000
(6,13) -1.000000
(6,14) -1.000000
(6,15) -1.000000
(6,16) -1.000000
(6,17) -1.000000
(6,18) -1.000000
(6,19) -1.000000
(6,20) -1.000000
(6,21) -1.000000
(6,22) -1.000000
(6,23) -1.000000
(6,24) -1.000000
(6,25) -1.000000
(6,26) -1.000000
(6,27) -1.000000
(6,28) -1.000000
(7,0) -1.000000
(7,1) -1.000000
(7,2) -1.000000
(7,3) -1.000000
(7,4) -1.000000
(7,5) -1.000000
(7,6) -1.000000
(7,7) -1.000000
(7,8) -1.000000
(7,9) -1.000000
(7,10) -1.000000
(7,11) -1.000000
(7,12) -1.000000
(7,13) -1.000000
(7,14) -1.000000
(7,15) -1.000000
(7,16) -1.000000
(7,17) -1.000000
(7,18) -1.000000
(7,19) -1.000000
(7,20) -1.000000
(7,21) -1.000000
(7,22) -1.000000
(7,23) -1.000000
(7,24) -1.000000
(7,25) -1.000000
(7,26) -1.000000
(7,27) -1.000000
(7,28) -1.000000
(7,28) 6.000000
(7,28) 6.000000
(7,28) 6.000000
(0,5) 7.000000
